314
365
469
317
433
332
248
159
415
492
237
417
319
409
457
480
437
229
487
353
511
349
271
381
494
488
506
360
474
464
417
474
1
443
449
357
240
255
322
430
521
549
524
390
482
415
450
526
460
425
391
277
453
363
372
286
455
344
415
434
446
437
367
451
421
19
13
88
4
4
208
4
10
15
59
11
93
21
29
15
12
1
259
227
299
474
401
435
341
301
365
488
393
502
507
471
465
420
407
389
323
444
310
337
405
292
328
376
341
281
238
314
363
358
55
28
106
15
37
3
138
277
218
127
91
169
148
164
239
88
191
247
152
113
83
103
142
110
30
1
582
582
582
582
582
582
582
582
582
582
582
582
582
582
582
582
582
582
582
582
582
582
582
582
582
582
582
582
582
582
582
582
582
582
582
582
582
582
582
582
582
582
582
582
582
582
582
582
582
582
582
582
582
582
582
582
582
582
582
582
582
582
582
582
582
582
582
582
582
582
582
582
582
582
582
582
582
582
582
582
582
582
582
582
582
582
582
582
582
582
582
582
582
582
582
582
582
582
582
582
582
582
582
582
582
582
582
582
582
582
582
582
582
582
582
582
582
582
582
582
582
582
582
582
582
582
582
582
30
16
27
30
162
126
106
32
61
146
20
5
9
19
128
127
3
582
582
582
582
582
582
582
582
582
582
582
582
582
582
582
582
582
582
582
582
582
582
582
582
582
582
582
582
582
582
582
582
582
582
582
582
582
582
582
582
582
582
582
582
582
582
582
582
582
582
582
582
582
582
582
582
582
582
582
582
582
582
582
582
582
582
582
582
582
582
582
582
582
582
582
582
582
582
582
582
582
582
582
582
582
582
582
582
582
582
582
582
582
582
582
582
582
582
582
582
582
582
582
582
582
582
582
582
582
582
582
582
582
582
582
582
582
582
582
582
582
582
582
582
582
582
582
582
1
582
582
582
582
582
582
582
582
582
582
582
582
582
582
582
582
582
582
582
582
582
582
582
582
582
582
582
582
582
582
582
582
582
582
582
582
582
582
582
582
582
582
582
582
582
582
582
582
582
582
582
582
582
582
582
582
582
582
582
582
582
582
582
582
582
582
582
582
582
582
582
582
582
582
582
582
582
582
582
582
582
582
582
582
582
582
582
582
582
582
582
582
582
582
582
582
582
582
582
582
582
582
582
582
582
582
582
582
582
582
582
582
582
582
582
582
582
582
582
582
582
582
582
582
582
582
582
582
32
54
45
69
38
65
74
86
49
17
38
62
26
49
44
75
56
31
44
10
7
16
46
13
4
5
35
39
13
57
46
7
444
390
388
313
289
288
486
436
443
375
376
324
352
396
340
463
301
462
456
384
491
476
411
458
280
323
377
289
327
382
344
261
1
582
582
582
582
582
582
582
582
582
582
582
582
582
582
582
582
582
582
582
582
582
582
582
582
582
582
582
582
582
582
582
582
582
582
582
582
582
582
582
582
582
582
582
582
582
582
582
582
582
582
582
582
582
582
582
582
582
582
582
582
582
582
582
582
582
582
582
582
582
582
582
582
582
582
582
582
582
582
582
582
582
582
582
582
582
582
582
582
582
582
582
582
582
582
582
582
582
582
582
582
582
582
582
582
582
582
582
582
582
582
582
582
582
582
582
582
582
582
582
582
582
582
582
582
582
582
582
582
8
16
7
1
582
582
582
582
582
582
582
582
582
582
582
582
582
582
582
582
582
582
582
582
582
582
582
582
582
582
582
582
582
582
582
582
582
582
582
582
582
582
582
582
582
582
582
582
582
582
582
582
582
582
582
582
582
582
582
582
582
582
582
582
582
582
582
582
582
582
582
582
582
582
582
582
582
582
582
582
582
582
582
582
582
582
582
582
582
582
582
582
582
582
582
582
582
582
582
582
582
582
582
582
582
582
582
582
582
582
582
582
582
582
582
582
582
582
582
582
582
582
582
582
582
582
582
582
582
582
582
582
36
63
61
31
61
18
57
20
87
177
65
23
51
35
83
81
5
28
67
179
104
127
51
48
30
155
45
49
39
38
116
79
1
110
217
431
408
370
316
283
180
398
274
478
494
459
380
475
504
256
337
389
495
441
371
267
418
367
388
264
303
280
305
364
443
1
22
34
5
1
10
17
96
24
76
203
136
17
16
1
582
582
582
582
582
582
582
582
582
582
582
582
582
582
582
582
582
582
582
582
582
582
582
582
582
582
582
582
582
582
582
582
582
582
582
582
582
582
582
582
582
582
582
582
582
582
582
582
582
582
582
582
582
582
582
582
582
582
582
582
582
582
582
582
582
582
582
582
582
582
582
582
582
582
582
582
582
582
582
582
582
582
582
582
582
582
582
582
582
582
582
582
582
582
582
582
582
582
582
582
582
582
582
582
582
582
582
582
582
582
582
582
582
582
582
582
582
582
582
582
582
582
582
582
582
582
582
582
10
11
33
4
1
1
582
582
582
582
582
582
582
582
582
582
582
582
582
582
582
582
582
582
582
582
582
582
582
582
582
582
582
582
582
582
582
582
582
582
582
582
582
582
582
582
582
582
582
582
582
582
582
582
582
582
582
582
582
582
582
582
582
582
582
582
582
582
582
582
582
582
582
582
582
582
582
582
582
582
582
582
582
582
582
582
582
582
582
582
582
582
582
582
582
582
582
582
582
582
582
582
582
582
582
582
582
582
582
582
582
582
582
582
582
582
582
582
582
582
582
582
582
582
582
582
582
582
582
582
582
582
582
582
495
507
504
517
534
409
496
471
346
502
361
340
445
463
444
314
363
358
418
487
357
364
297
461
399
438
424
347
287
244
472
404
22
9
29
35
36
26
1
1
[32, 48, 37, 19, 144, 128, 192, 131, 160, 32, 3, 9, 132, 0, 166, 0]
[Finished in 572ms]